[
[101, 102],
[101, 100],
[102, 104],
[104, 100],
[104, 105],
[104, 100],
[105, 100],
[338, 134],
[338, 133],
[338, 135],
[133, 134],
[134, 135],
[135, 137],
[132, 137],
[133, 132],
[132, 130],
[132, 100],
[100, 130],
[100, 170],
[170, 173],
[173, 174],
[174, 179],
[173, 179],
[179, 180],
[179, 181],
[180, 181],
[186, 180],
[186, 100],
[181, 183],
[183, 100],
[100, 160],
[160, 164],
[164, 169],

[1, 212],
[212, 218],
[212, 206],
[206, 102],
[206, 201],
[201, 200],
[219, 226],
[226, 230],
[226, 105],
[219, 2],
[218, 2],
[230, 229],
[229, 231],
[229, 236],
[236, 100],
[231, 305],
[305, 300],
[300, 308],
[305, 308],
[300, 132],
[308, 312],
[312, 316],
[316, 317],
[317, 321],
[321, 323],
[323, 328],
[328, 337],
[337, 338],
[338, 339],
[339, 345],
[345, 348],
[339, 348],
[348, 132],
[348, 347],
[345, 347],
[348, 132],
[345, 347],
[347, 408],
[408, 170],
[408, 419],
[408, 410],
[410, 423],
[423, 419],
[410, 413],
[419, 413],
[419, 418],
[418, 417],
[417, 413],
[408, 406],
[406, 418],
[406, 405],
[405, 183],
[405, 403],
[406, 403],
[403, 400],
[400, 402],
[402, 169],
[424, 3],
[433, 3],
[427, 424],
[427, 433],
[348, 600],

[218, 505],
[200, 535],
[236, 531],
[300, 600],
[600, 601],
[600, 602],
[308, 617],
[312, 632],
[317, 633],
[328, 640],
[408, 703],
[400, 715],
[734, 433],
[564, 558],
[558, 552],
[558, 548],
[552, 548],
[548, 544],
[544, 535],
[535, 500],
[500, 501],
[501, 503],
[503, 505],
[505, 557],
[557, 552],
[505, 507],
[507, 517],
[517, 516],
[517, 519],
[516, 531],
[531, 526],
[519, 526],
[526, 606],
[606, 605],
[605, 601],
[605, 617],
[617, 632],
[632, 633],
[633, 635],
[635, 636],
[636, 640],
[640, 641],
[641, 645],
[645, 656],
[645, 651],
[645, 650],
[650, 663],
[650, 660],
[650, 661],
[661, 703],
[661, 705],
[703, 706],
[703, 709],
[703, 702],
[706, 708],
[708, 709],
[708, 710],
[710, 711],
[710, 711],
[701, 711],
[701, 702],
[701, 700],
[710, 712],
[712, 715],
[700, 715],
[712, 716],
[716, 717],
[717, 718],
[718, 720],
[718, 727],
[718, 724],
[718, 726],
[718, 719],
[719, 726],
[719, 734],
[726, 720],
[734, 727],

[557, 802],
[500, 800],
[601, 900],
[663, 900],
[900, 902],
[900, 952],
[617, 912],
[617, 913],
[931, 641],
[917, 633],
[864, 848],
[848, 855],
[855, 802],
[802, 801],
[801, 800],
[800, 836],
[836, 843],
[843, 845],
[845, 848],
[802, 803],
[803, 811],
[811, 825],
[825, 823],
[825, 818],
[825, 830],
[835, 818],
[835, 823],
[835, 830],
[830, 909],
[909, 902],
[909, 912],
[912, 902],
[912, 913],
[913, 917],
[917, 924],
[924, 931],
[931, 936],
[936, 940],
[940, 944],
[944, 952]
]
