[((100, 132), 49),
 ((100, 170), 27),
 ((132, 300), 26),
 ((170, 408), 23),
 ((300, 308), 19),
 ((218, 505), 16),
 ((408, 703), 15),
 ((133, 132), 12),
 ((218, 2), 12),
 ((308, 617), 12),
 ((3, 433), 12),
 ((505, 557), 12),
 ((433, 734), 11),
 ((100, 236), 10),
 ((338, 133), 10),
 ((338, 337), 9),
 ((734, 719), 9),
 ((101, 100), 8),
 ((132, 348), 8),
 ((1, 212), 8),
 ((328, 337), 8),
 ((617, 912), 8),
 ((703, 661), 8),
 ((101, 102), 7),
 ((100, 183), 7),
 ((206, 201), 7),
 ((236, 531), 7),
 ((600, 601), 7),
 ((557, 802), 7),
 ((718, 719), 7),
 ((912, 909), 7),
 ((102, 206), 6),
 ((212, 206), 6),
 ((201, 200), 6),
 ((308, 312), 6),
 ((650, 661), 6),
 ((830, 909), 6),
 ((100, 105), 5),
 ((183, 405), 5),
 ((212, 218), 5),
 ((200, 535), 5),
 ((300, 600), 5),
 ((328, 640), 5),
 ((601, 900), 5),
 ((100, 160), 4),
 ((105, 226), 4),
 ((348, 600), 4),
 ((405, 403), 4),
 ((703, 702), 4),
 ((552, 557), 4),
 ((717, 718), 4),
 ((802, 855), 4),
 ((825, 830), 4),
 ((170, 173), 3),
 ((160, 164), 3),
 ((219, 2), 3),
 ((312, 632), 3),
 ((408, 419), 3),
 ((408, 410), 3),
 ((403, 400), 3),
 ((505, 503), 3),
 ((535, 500), 3),
 ((531, 516), 3),
 ((531, 526), 3),
 ((617, 913), 3),
 ((640, 641), 3),
 ((500, 800), 3),
 ((645, 650), 3),
 ((706, 708), 3),
 ((702, 701), 3),
 ((708, 710), 3),
 ((716, 717), 3),
 ((900, 952), 3),
 ((848, 855), 3),
 ((100, 186), 2),
 ((137, 132), 2),
 ((164, 169), 2),
 ((219, 226), 2),
 ((229, 236), 2),
 ((312, 316), 2),
 ((323, 328), 2),
 ((419, 418), 2),
 ((400, 715), 2),
 ((424, 3), 2),
 ((632, 633), 2),
 ((703, 706), 2),
 ((558, 552), 2),
 ((501, 503), 2),
 ((517, 516), 2),
 ((641, 931), 2),
 ((710, 712), 2),
 ((712, 716), 2),
 ((800, 836), 2),
 ((952, 944), 2),
 ((913, 917), 2),
 ((100, 104), 1),
 ((100, 130), 1),
 ((134, 133), 1),
 ((135, 137), 1),
 ((173, 174), 1),
 ((173, 179), 1),
 ((180, 186), 1),
 ((181, 183), 1),
 ((169, 402), 1),
 ((226, 230), 1),
 ((229, 231), 1),
 ((305, 300), 1),
 ((316, 317), 1),
 ((321, 323), 1),
 ((339, 348), 1),
 ((345, 348), 1),
 ((348, 347), 1),
 ((408, 406), 1),
 ((410, 423), 1),
 ((410, 413), 1),
 ((418, 417), 1),
 ((424, 427), 1),
 ((600, 602), 1),
 ((535, 544), 1),
 ((601, 605), 1),
 ((633, 635), 1),
 ((640, 636), 1),
 ((715, 712), 1),
 ((734, 727), 1),
 ((564, 558), 1),
 ((552, 548), 1),
 ((500, 501), 1),
 ((507, 517), 1),
 ((519, 526), 1),
 ((526, 606), 1),
 ((645, 656), 1),
 ((645, 651), 1),
 ((650, 663), 1),
 ((650, 660), 1),
 ((661, 705), 1),
 ((709, 708), 1),
 ((711, 701), 1),
 ((701, 700), 1),
 ((718, 720), 1),
 ((718, 724), 1),
 ((726, 719), 1),
 ((802, 801), 1),
 ((802, 803), 1),
 ((900, 902), 1),
 ((931, 936), 1),
 ((917, 924), 1),
 ((864, 848), 1),
 ((848, 845), 1),
 ((836, 843), 1),
 ((811, 825), 1),
 ((825, 823), 1),
 ((825, 818), 1),
 ((830, 835), 1),
 ((940, 944), 1),
 ((102, 104), 0),
 ((104, 105), 0),
 ((338, 134), 0),
 ((338, 135), 0),
 ((338, 339), 0),
 ((134, 135), 0),
 ((132, 130), 0),
 ((174, 179), 0),
 ((179, 180), 0),
 ((179, 181), 0),
 ((180, 181), 0),
 ((230, 229), 0),
 ((231, 305), 0),
 ((305, 308), 0),
 ((317, 321), 0),
 ((317, 633), 0),
 ((339, 345), 0),
 ((345, 347), 0),
 ((347, 408), 0),
 ((419, 423), 0),
 ((419, 413), 0),
 ((413, 417), 0),
 ((418, 406), 0),
 ((406, 405), 0),
 ((406, 403), 0),
 ((400, 402), 0),
 ((433, 427), 0),
 ((505, 507), 0),
 ((617, 605), 0),
 ((617, 632), 0),
 ((633, 917), 0),
 ((703, 709), 0),
 ((715, 700), 0),
 ((558, 548), 0),
 ((548, 544), 0),
 ((517, 519), 0),
 ((606, 605), 0),
 ((635, 636), 0),
 ((641, 645), 0),
 ((663, 900), 0),
 ((710, 711), 0),
 ((718, 727), 0),
 ((718, 726), 0),
 ((720, 726), 0),
 ((800, 801), 0),
 ((902, 909), 0),
 ((902, 912), 0),
 ((912, 913), 0),
 ((931, 924), 0),
 ((843, 845), 0),
 ((803, 811), 0),
 ((823, 835), 0),
 ((818, 835), 0),
 ((936, 940), 0)]
